
============================================================================================================================================================================================
                                                                                               Dependent variable:                                                                          
                      ----------------------------------------------------------------------------------------------------------------------------------------------------------------------
                      Group 4                              Group 1                                                                         Group 2                                          
                        (1)                                  (2)                                                                             (3)                                            
--------------------------------------------------------------------------------------------------------------------------------------------------------------------------------------------
age25-44                0.6                                  0.5*                                                                            0.5                                            
                       (0.5)                                (0.4)                                                                           (0.8)                                           
                                                                                                                                                                                            
age45-64                0.5                                 0.2***                                                                          0.1*                                            
                       (0.5)                                (0.4)                                                                           (1.0)                                           
                                                                                                                                                                                            
age65+                  0.5                                 0.0***                                                                         0.0***                                           
                       (0.6)                                (0.2)                                                                           (0.7)                                           
                                                                                                                                                                                            
genderFemale            0.8                                 0.2***                                                                          0.1*                                            
                       (0.5)                                (0.5)                                                                           (1.2)                                           
                                                                                                                                                                                            
raceBAME                1.1                                  1.7                                                                            0.000                                           
                       (0.8)                                (0.7)                                                                          (72.5)                                           
                                                                                                                                                                                            
age25-44:genderFemale   1.2                                 3.2**                                                                            3.4                                            
                       (0.6)                                (0.5)                                                                           (1.4)                                           
                                                                                                                                                                                            
age45-64:genderFemale   1.0                                 3.2**                                                                          22.3**                                           
                       (0.6)                                (0.6)                                                                           (1.5)                                           
                                                                                                                                                                                            
age65+:genderFemale     1.6   3,046,622,538,178,477,043,971,537,478,788,305,734,556,712,960.0*** 98,073,801,393,925,913,987,777,979,272,907,245,990,639,832,868,151,263,102,865,768,448.0***
                       (0.7)                                (0.2)                                                                           (0.7)                                           
                                                                                                                                                                                            
genderFemale:raceBAME   0.8                                  1.4                                                                             1.4                                            
                       (0.7)                                (0.7)                                                                          (89.7)                                           
                                                                                                                                                                                            
age25-44:raceBAME       1.4                                  0.5                                                                             0.6                                            
                       (0.8)                                (0.7)                                                                          (89.1)                                           
                                                                                                                                                                                            
age45-64:raceBAME       1.8                                  0.1*                                                                            0.6                                            
                       (0.9)                                (1.2)                                                                          (116.2)                                          
                                                                                                                                                                                            
age65+:raceBAME         1.0                                  1.0                                                                             1.0                                            
                                                            (0.0)                                                                           (0.0)                                           
                                                                                                                                                                                            
Constant                1.4                                 3.6***                                                                           0.3                                            
                       (0.4)                                (0.4)                                                                           (0.7)                                           
                                                                                                                                                                                            
--------------------------------------------------------------------------------------------------------------------------------------------------------------------------------------------
Akaike Inf. Crit.     2,098.3                              2,098.3                                                                         2,098.3                                          
============================================================================================================================================================================================
Note:                                                                                                                                                            *p<0.1; **p<0.05; ***p<0.01
